1 1 1 1396.4
2 1 1 1421.5
3 1 1 1411.43
4 1 1 1401.2
5 1 1 1401.98
6 1 1 1388.54
7 1 1 1396.03
8 1 1 1423.17
9 1 1 1408.89
10 1 1 1402.99
11 1 1 1400.56
12 1 1 1431.34
13 1 1 1418.46
14 1 1 1423.93
15 1 1 1472.23
16 1 1 1421.27
17 1 1 1396.88
18 1 1 1432.45
19 1 1 1408.26
20 1 1 1392.41
21 1 1 1429.97
22 1 1 1401.32
23 1 1 1398.65
24 1 1 1404.53
25 1 1 1387.88
26 1 1 1393.83
27 1 1 1427.89
28 1 1 1424.64
29 1 1 1399.58
30 1 1 1393.84
31 1 1 1398.89
32 1 1 1408.18
33 1 1 1414.14
34 1 1 1438.1
35 1 1 1425.82
36 1 1 1411.56
37 1 1 1404.08
38 1 1 1390.51
39 1 1 1403.84
40 1 1 1436.35
41 1 1 1405.58
42 1 1 1429.01
43 1 1 1411.67
44 1 1 1404.01
45 1 1 1436.76
46 1 1 1411.07
47 1 1 1409.32
48 1 1 1446.12
49 1 1 1447.92
50 1 1 1442.81
51 1 1 1431.76
52 1 1 1431.95
53 1 1 1426.94
54 1 1 1396.73
55 1 1 1425.73
56 1 1 1421.07
57 1 1 1398.22
58 1 1 1415.28
59 1 1 1404.01
60 1 1 1407.09
61 1 1 1445.31
62 1 1 1441.66
63 1 1 1387.34
64 1 1 1434.63
65 1 1 1438.05
66 1 1 1416.16
67 1 1 1405.18
68 1 1 1427.57
69 1 1 1442.9
70 1 1 1440.91
71 1 1 1423.41
72 1 1 1415.06
73 1 1 1400.31
74 1 1 1433.9
75 1 1 1427.97
76 1 1 1436.71
77 1 1 1402.42
78 1 1 1429.82
79 1 1 1406.51
80 1 1 1403.85
81 1 1 1448.23
82 1 1 1426.6
83 1 1 1430.76
84 1 1 1410.67
85 1 1 1428.16
86 1 1 1421.47
87 1 1 1433.13
88 1 1 1450.05
89 1 1 1420.28
90 1 1 1398.75
91 1 1 1437.44
92 1 1 1405.96
93 1 1 1427.43
94 1 1 1409.89
95 1 1 1412.17
96 1 1 1451.15
97 1 1 1444.27
98 1 1 1408.88
99 1 1 1405.28
100 1 1 1440.76
1 2 2 643.682
2 2 2 605.462
3 2 2 623.205
4 2 2 619.191
5 2 2 610.376
6 2 2 634.035
7 2 2 655.056
8 2 2 645.095
9 2 2 618.446
10 2 2 612.493
11 2 2 628.774
12 2 2 623.571
13 2 2 605.38
14 2 2 613.115
15 2 2 634.121
16 2 2 635.082
17 2 2 649.603
18 2 2 605.885
19 2 2 613.166
20 2 2 597.269
21 2 2 637.967
22 2 2 629.853
23 2 2 642.864
24 2 2 625.31
25 2 2 637.313
26 2 2 623.948
27 2 2 640.049
28 2 2 613.078
29 2 2 623.735
30 2 2 606.133
31 2 2 622.704
32 2 2 617.278
33 2 2 647.039
34 2 2 651.585
35 2 2 628.122
36 2 2 612.839
37 2 2 620.555
38 2 2 607.649
39 2 2 620.34
40 2 2 610.831
41 2 2 624.404
42 2 2 608.878
43 2 2 611.12
44 2 2 603.04
45 2 2 625.426
46 2 2 642.084
47 2 2 625.162
48 2 2 640.957
49 2 2 647.592
50 2 2 617.092
51 2 2 626.183
52 2 2 634.294
53 2 2 610.341
54 2 2 602.085
55 2 2 625.734
56 2 2 649.471
57 2 2 649.335
58 2 2 611.283
59 2 2 611.189
60 2 2 608.514
61 2 2 604.042
62 2 2 626.068
63 2 2 638.003
64 2 2 646.833
65 2 2 636.366
66 2 2 610.511
67 2 2 624.072
68 2 2 624.653
69 2 2 611.281
70 2 2 646.086
71 2 2 648.404
72 2 2 639.91
73 2 2 624.458
74 2 2 649.701
75 2 2 606.891
76 2 2 627.353
77 2 2 613.908
78 2 2 616.356
79 2 2 648.637
80 2 2 635.888
81 2 2 652.475
82 2 2 632.608
83 2 2 617.634
84 2 2 629.86
85 2 2 617.231
86 2 2 614.654
87 2 2 642.086
88 2 2 626.839
89 2 2 627.124
90 2 2 632.211
91 2 2 631.249
92 2 2 630.215
93 2 2 633.23
94 2 2 640.827
95 2 2 613.008
96 2 2 614.465
97 2 2 639.013
98 2 2 626.313
99 2 2 643.383
100 2 2 644.563
1 4 4 377.473
2 4 4 358.2
3 4 4 370.948
4 4 4 382.764
5 4 4 386.659
6 4 4 361.292
7 4 4 366.056
8 4 4 369.175
9 4 4 366.679
10 4 4 372.607
11 4 4 353.971
12 4 4 371.492
13 4 4 369.94
14 4 4 373.446
15 4 4 386.923
16 4 4 370.229
17 4 4 371.055
18 4 4 360.081
19 4 4 378.47
20 4 4 384.795
21 4 4 372.994
22 4 4 370.202
23 4 4 360.01
24 4 4 358.825
25 4 4 392.441
26 4 4 382.718
27 4 4 375.551
28 4 4 370.195
29 4 4 375.338
30 4 4 378.052
31 4 4 365.445
32 4 4 375.114
33 4 4 362.305
34 4 4 365.833
35 4 4 370.418
36 4 4 370.209
37 4 4 365.307
38 4 4 388.872
39 4 4 377.128
40 4 4 360.897
41 4 4 366.106
42 4 4 364.076
43 4 4 392.953
44 4 4 352.775
45 4 4 370.637
46 4 4 370.732
47 4 4 369.109
48 4 4 384.223
49 4 4 364.078
50 4 4 370.184
51 4 4 369.74
52 4 4 365.702
53 4 4 382.788
54 4 4 372.167
55 4 4 367.053
56 4 4 371.062
57 4 4 364.476
58 4 4 394.639
59 4 4 378.103
60 4 4 384.454
61 4 4 372.043
62 4 4 372.603
63 4 4 392.843
64 4 4 372.502
65 4 4 384.33
66 4 4 353.719
67 4 4 375.628
68 4 4 391.944
69 4 4 374.199
70 4 4 383.719
71 4 4 374.784
72 4 4 361.8
73 4 4 379.486
74 4 4 376.54
75 4 4 367.456
76 4 4 378.495
77 4 4 364.455
78 4 4 379.695
79 4 4 368.402
80 4 4 379.465
81 4 4 373.536
82 4 4 375.196
83 4 4 369.375
84 4 4 385.917
85 4 4 376.629
86 4 4 406.041
87 4 4 377.839
88 4 4 379.564
89 4 4 365.188
90 4 4 382.292
91 4 4 381.969
92 4 4 379.661
93 4 4 371.712
94 4 4 385.084
95 4 4 378.125
96 4 4 393.55
97 4 4 381.183
98 4 4 378.475
99 4 4 364.886
100 4 4 382.803
1 8 8 272.486
2 8 8 249.598
3 8 8 252.659
4 8 8 249.832
5 8 8 249.463
6 8 8 269.018
7 8 8 254.438
8 8 8 256.329
9 8 8 251.001
10 8 8 249.52
11 8 8 271.723
12 8 8 257.298
13 8 8 258.227
14 8 8 258.239
15 8 8 254.042
16 8 8 272.975
17 8 8 255.378
18 8 8 249.086
19 8 8 259.501
20 8 8 250.412
21 8 8 258.797
22 8 8 257.52
23 8 8 256.019
24 8 8 258.414
25 8 8 252.147
26 8 8 250.378
27 8 8 264.554
28 8 8 259.716
29 8 8 254.725
30 8 8 251.807
31 8 8 256.663
32 8 8 247.733
33 8 8 278.09
34 8 8 250.226
35 8 8 257.996
36 8 8 253.194
37 8 8 252.458
38 8 8 286.158
39 8 8 252.063
40 8 8 252.056
41 8 8 248.211
42 8 8 250.624
43 8 8 282.097
44 8 8 248.794
45 8 8 255.761
46 8 8 256.752
47 8 8 262.332
48 8 8 275.742
49 8 8 256.575
50 8 8 248.596
51 8 8 254.877
52 8 8 251.194
53 8 8 287.728
54 8 8 255.132
55 8 8 257.842
56 8 8 259.782
57 8 8 264.167
58 8 8 270.62
59 8 8 256.253
60 8 8 252.859
61 8 8 251.306
62 8 8 260.275
63 8 8 283.066
64 8 8 256.074
65 8 8 260.339
66 8 8 253.315
67 8 8 256.626
68 8 8 271.167
69 8 8 256.641
70 8 8 257.527
71 8 8 257.51
72 8 8 252.679
73 8 8 254.47
74 8 8 257.588
75 8 8 276.278
76 8 8 257.521
77 8 8 250.915
78 8 8 251.448
79 8 8 259.092
80 8 8 282.468
81 8 8 258.626
82 8 8 260.742
83 8 8 253.727
84 8 8 258.305
85 8 8 290.612
86 8 8 255.677
87 8 8 262.617
88 8 8 251.022
89 8 8 257.53
90 8 8 282.349
91 8 8 257.997
92 8 8 254.387
93 8 8 267.624
94 8 8 255.25
95 8 8 278.353
96 8 8 256.222
97 8 8 264.945
98 8 8 261.611
99 8 8 267.687
100 8 8 279.724
1 16 16 231.113
2 16 16 233.405
3 16 16 227.371
4 16 16 253.777
5 16 16 237.189
6 16 16 227.326
7 16 16 238.237
8 16 16 232.727
9 16 16 257.314
10 16 16 232.317
11 16 16 226.249
12 16 16 231.652
13 16 16 230.786
14 16 16 227.78
15 16 16 232.577
16 16 16 241.104
17 16 16 244.16
18 16 16 236.511
19 16 16 240.706
20 16 16 244.699
21 16 16 253.883
22 16 16 241.393
23 16 16 232.397
24 16 16 230.003
25 16 16 230.459
26 16 16 262.422
27 16 16 226.605
28 16 16 227.974
29 16 16 239.062
30 16 16 227.325
31 16 16 257.602
32 16 16 237.572
33 16 16 244.775
34 16 16 229.083
35 16 16 232.445
36 16 16 251.293
37 16 16 236.68
38 16 16 231.796
39 16 16 228.302
40 16 16 232.464
41 16 16 257.089
42 16 16 230.171
43 16 16 229.565
44 16 16 243.347
45 16 16 241.336
46 16 16 238.898
47 16 16 234.161
48 16 16 232.529
49 16 16 237.89
50 16 16 231.794
51 16 16 242.032
52 16 16 231.389
53 16 16 262.597
54 16 16 247.045
55 16 16 236.503
56 16 16 244.362
57 16 16 231.162
58 16 16 262.92
59 16 16 242.737
60 16 16 221.974
61 16 16 241.854
62 16 16 231.223
63 16 16 272.892
64 16 16 235.249
65 16 16 248.998
66 16 16 224.463
67 16 16 236.934
68 16 16 269.061
69 16 16 233.07
70 16 16 241.182
71 16 16 236.619
72 16 16 239.896
73 16 16 261.041
74 16 16 225.523
75 16 16 235.533
76 16 16 235.208
77 16 16 239.487
78 16 16 268.256
79 16 16 244.991
80 16 16 240.045
81 16 16 245.306
82 16 16 243.619
83 16 16 235.98
84 16 16 238.981
85 16 16 247.239
86 16 16 246.195
87 16 16 248.094
88 16 16 250.569
89 16 16 243.12
90 16 16 240.011
91 16 16 244.547
92 16 16 238.459
93 16 16 240.01
94 16 16 238.803
95 16 16 264.721
96 16 16 238.533
97 16 16 241.795
98 16 16 244.199
99 16 16 241.701
100 16 16 267.755
1 32 32 227.518
2 32 32 231.871
3 32 32 227.58
4 32 32 225.374
5 32 32 256.679
6 32 32 225.051
7 32 32 216.096
8 32 32 229.847
9 32 32 223.431
10 32 32 243.572
11 32 32 224.668
12 32 32 217.065
13 32 32 225.263
14 32 32 224.203
15 32 32 237.585
16 32 32 222.364
17 32 32 225.087
18 32 32 230.122
19 32 32 228.583
20 32 32 230.623
21 32 32 232.057
22 32 32 247.09
23 32 32 229.204
24 32 32 221.806
25 32 32 230.835
26 32 32 228.473
27 32 32 256.73
28 32 32 229.037
29 32 32 228.217
30 32 32 233.539
31 32 32 232.181
32 32 32 255.794
33 32 32 222.04
34 32 32 233.34
35 32 32 233.554
36 32 32 241.033
37 32 32 259.451
38 32 32 230.501
39 32 32 227.29
40 32 32 228.95
41 32 32 230.349
42 32 32 261.712
43 32 32 232.746
44 32 32 237.275
45 32 32 222.453
46 32 32 223.861
47 32 32 227.044
48 32 32 221.887
49 32 32 237.282
50 32 32 230.043
51 32 32 239.218
52 32 32 231.118
53 32 32 233.849
54 32 32 258.545
55 32 32 223.563
56 32 32 239.18
57 32 32 228.267
58 32 32 237.489
59 32 32 257.981
60 32 32 238.937
61 32 32 233.223
62 32 32 232.895
63 32 32 232.659
64 32 32 250.552
65 32 32 241.451
66 32 32 238.668
67 32 32 227.755
68 32 32 235.444
69 32 32 267.032
70 32 32 230.378
71 32 32 232.546
72 32 32 236.499
73 32 32 242.168
74 32 32 252.418
75 32 32 239.538
76 32 32 235.894
77 32 32 225.841
78 32 32 227.862
79 32 32 232.247
80 32 32 224.325
81 32 32 224.598
82 32 32 229.57
83 32 32 242.912
84 32 32 232.938
85 32 32 235.885
86 32 32 257.834
87 32 32 229.407
88 32 32 227.891
89 32 32 231.158
90 32 32 229.72
91 32 32 263.573
92 32 32 232.973
93 32 32 235.315
94 32 32 226.517
95 32 32 228.791
96 32 32 263.613
97 32 32 228.39
98 32 32 234.725
99 32 32 229.757
100 32 32 233.689
1 64 64 245.832
2 64 64 230.098
3 64 64 229.745
4 64 64 228.531
5 64 64 216.669
6 64 64 240.669
7 64 64 233.696
8 64 64 230.425
9 64 64 223.811
10 64 64 238.84
11 64 64 231.564
12 64 64 220.514
13 64 64 255.327
14 64 64 228.918
15 64 64 231.516
16 64 64 240.259
17 64 64 233.889
18 64 64 267.83
19 64 64 235.292
20 64 64 244.577
21 64 64 242.335
22 64 64 244.739
23 64 64 261.717
24 64 64 230.236
25 64 64 235.574
26 64 64 235.538
27 64 64 242.015
28 64 64 267.473
29 64 64 240.952
30 64 64 227.074
31 64 64 240.998
32 64 64 244.104
33 64 64 264.065
34 64 64 233.552
35 64 64 227.466
36 64 64 232.977
37 64 64 238.547
38 64 64 239.566
39 64 64 242.436
40 64 64 251.523
41 64 64 235.766
42 64 64 239.273
43 64 64 240.378
44 64 64 239.549
45 64 64 269.07
46 64 64 250.801
47 64 64 243.319
48 64 64 242.02
49 64 64 249.901
50 64 64 265.474
51 64 64 233.125
52 64 64 234.739
53 64 64 235.456
54 64 64 250.468
55 64 64 265.252
56 64 64 247.081
57 64 64 236.405
58 64 64 232.12
59 64 64 245.698
60 64 64 272.646
61 64 64 239.126
62 64 64 240.299
63 64 64 241.08
65 64 64 258.125
66 64 64 235.617
67 64 64 240.517
68 64 64 235.519
69 64 64 235.985
70 64 64 233.922
71 64 64 244.266
72 64 64 267.304
73 64 64 243.786
74 64 64 249.261
75 64 64 250.494
76 64 64 233.364
77 64 64 278.583
78 64 64 236.684
79 64 64 235.422
80 64 64 235.424
81 64 64 233.435
82 64 64 272.364
83 64 64 230.567
84 64 64 235.903
85 64 64 243.694
86 64 64 249.942
87 64 64 277.208
88 64 64 238.67
89 64 64 252.785
90 64 64 230.55
91 64 64 244.554
92 64 64 266.124
93 64 64 233.014
94 64 64 240.474
95 64 64 234.222
96 64 64 243.556
97 64 64 242.786
98 64 64 239.944
99 64 64 261.242
100 64 64 248.307
1 128 128 213.517
2 128 128 216.943
3 128 128 220.389
4 128 128 242.917
5 128 128 221.087
6 128 128 235.167
7 128 128 227.006
8 128 128 226.345
9 128 128 259.73
10 128 128 225.48
11 128 128 226.63
12 128 128 222.516
13 128 128 235.163
14 128 128 253.172
15 128 128 227.802
16 128 128 237.268
17 128 128 242.66
18 128 128 244.411
19 128 128 275.814
20 128 128 233.76
21 128 128 233.313
22 128 128 239.49
23 128 128 235.377
24 128 128 281.202
25 128 128 237.399
26 128 128 244.795
27 128 128 248.66
28 128 128 252.764
29 128 128 265.871
30 128 128 253.567
31 128 128 248.094
32 128 128 258.941
33 128 128 263.855
34 128 128 259.808
35 128 128 256.167
36 128 128 259.602
37 128 128 257.185
38 128 128 258.354
39 128 128 256.595
40 128 128 259.515
41 128 128 302.559
42 128 128 268.645
43 128 128 266.459
44 128 128 274.272
45 128 128 263.455
46 128 128 318.561
47 128 128 271.204
48 128 128 267.383
49 128 128 264.881
50 128 128 267.767
51 128 128 321.979
52 128 128 270.405
53 128 128 263.229
54 128 128 266.677
55 128 128 265.397
56 128 128 323.056
57 128 128 271.607
58 128 128 282.789
59 128 128 271.77
60 128 128 268.621
61 128 128 337.546
62 128 128 289.346
63 128 128 282.131
64 128 128 278.759
65 128 128 299.616
66 128 128 353.839
67 128 128 285.318
68 128 128 301.041
69 128 128 319.187
70 128 128 290.711
71 128 128 352.306
72 128 128 304.244
73 128 128 310.318
74 128 128 302.674
75 128 128 295.514
76 128 128 364.187
77 128 128 300.872
78 128 128 304.57
79 128 128 298.61
80 128 128 298.838
81 128 128 368.007
82 128 128 301.03
83 128 128 312.858
84 128 128 310.286
85 128 128 308.389
86 128 128 374.082
87 128 128 316.158
88 128 128 306.829
89 128 128 325.299
90 128 128 305.164
91 128 128 374.795
92 128 128 307.574
93 128 128 310.357
94 128 128 323.555
95 128 128 320.093
96 128 128 387.17
97 128 128 313.295
98 128 128 318.221
99 128 128 318.41
100 128 128 312.674
1 256 256 239.334
2 256 256 216.884
3 256 256 231.904
4 256 256 232.751
5 256 256 233.136
6 256 256 279.148
7 256 256 249.283
8 256 256 259.15
9 256 256 253.244
10 256 256 260.93
11 256 256 256.103
12 256 256 260.453
13 256 256 265.698
14 256 256 301.663
15 256 256 271.883
16 256 256 280.781
17 256 256 296.524
18 256 256 292.565
19 256 256 298.521
20 256 256 314.931
21 256 256 306.049
22 256 256 320.823
23 256 256 312.76
24 256 256 317.131
25 256 256 322.688
26 256 256 328.559
27 256 256 340.222
28 256 256 337.155
29 256 256 327.604
30 256 256 342.132
31 256 256 444.203
32 256 256 346.784
33 256 256 366.654
34 256 256 377.868
35 256 256 377.702
36 256 256 473.708
37 256 256 379.55
38 256 256 386.339
39 256 256 389.347
40 256 256 398.807
41 256 256 515.017
42 256 256 424.721
43 256 256 407.358
44 256 256 411.715
45 256 256 406.861
46 256 256 544.248
47 256 256 421.515
48 256 256 442.513
49 256 256 430.842
50 256 256 432.507
51 256 256 452.609
52 256 256 437.191
53 256 256 452.129
54 256 256 572.293
55 256 256 450.096
56 256 256 451.183
57 256 256 479.673
58 256 256 466.0
59 256 256 608.457
60 256 256 475.793
61 256 256 470.355
62 256 256 471.366
63 256 256 483.905
64 256 256 618.643
65 256 256 518.445
66 256 256 532.544
67 256 256 636.148
68 256 256 537.192
69 256 256 546.812
70 256 256 555.27
71 256 256 565.143
72 256 256 733.133
73 256 256 562.675
74 256 256 557.757
75 256 256 564.617
76 256 256 570.268
77 256 256 583.627
78 256 256 593.19
79 256 256 587.13
80 256 256 793.51
81 256 256 591.636
82 256 256 608.98
83 256 256 602.637
84 256 256 600.448
85 256 256 601.903
86 256 256 607.906
87 256 256 613.013
88 256 256 850.332
89 256 256 618.775
90 256 256 625.991
91 256 256 645.974
92 256 256 633.613
93 256 256 648.246
94 256 256 646.139
95 256 256 645.426
96 256 256 891.47
97 256 256 648.597
98 256 256 657.456
99 256 256 662.155
100 256 256 650.946
1 512 512 225.926
2 512 512 239.895
