1 16 16 15336.7
3 16 16 15484.0
5 16 16 15638.1
7 16 16 15825.9
9 16 16 15974.1
11 16 16 16198.3
13 16 16 16430.0
15 16 16 16636.5
17 16 16 16898.3
19 16 16 17208.4
21 16 16 17440.5
23 16 16 17716.6
25 16 16 17934.7
27 16 16 18197.4
29 16 16 18466.2
31 16 16 18756.7
33 16 16 18970.6
35 16 16 19219.2
37 16 16 19458.4
39 16 16 19736.8
41 16 16 19869.3
43 16 16 20137.8
45 16 16 20278.4
47 16 16 20389.2
49 16 16 20620.8
51 16 16 20905.0
53 16 16 21040.1
55 16 16 21314.4
57 16 16 21336.3
59 16 16 21633.4
61 16 16 21812.1
63 16 16 22030.8
65 16 16 22306.5
67 16 16 22479.4
69 16 16 22745.5
71 16 16 22882.1
73 16 16 23199.9
75 16 16 23377.0
77 16 16 23577.9
79 16 16 23977.4
81 16 16 23979.4
83 16 16 24176.1
85 16 16 24397.9
87 16 16 24666.4
89 16 16 24912.8
91 16 16 25031.1
93 16 16 25252.3
95 16 16 25646.8
97 16 16 25744.6
99 16 16 25968.7
1 32 32 5591.87
3 32 32 5883.82
5 32 32 6272.44
7 32 32 6782.06
9 32 32 7716.42
11 32 32 8351.97
13 32 32 8605.51
15 32 32 8833.64
17 32 32 9465.01
19 32 32 9734.31
21 32 32 9763.14
23 32 32 10308.6
25 32 32 10629.2
27 32 32 10971.7
29 32 32 11208.2
31 32 32 11379.0
33 32 32 11853.9
35 32 32 12009.4
37 32 32 12405.0
39 32 32 12645.9
41 32 32 12925.9
43 32 32 13354.8
45 32 32 13702.4
47 32 32 13825.7
49 32 32 14189.2
51 32 32 14576.5
53 32 32 14655.4
55 32 32 14903.3
57 32 32 15302.3
59 32 32 15691.2
61 32 32 15751.4
63 32 32 16038.1
65 32 32 23106.1
67 32 32 23695.7
69 32 32 23956.6
71 32 32 24646.1
73 32 32 25282.9
75 32 32 25327.6
77 32 32 27079.0
79 32 32 26904.7
81 32 32 27475.6
83 32 32 27440.3
85 32 32 27037.4
87 32 32 26918.9
89 32 32 27788.4
91 32 32 30399.9
93 32 32 28277.9
95 32 32 28751.7
97 32 32 30698.9
99 32 32 29844.0
1 64 64 4492.18
3 64 64 7050.02
5 64 64 9037.07
7 64 64 10536.6
9 64 64 11727.5
11 64 64 13220.0
13 64 64 14323.2
15 64 64 15496.0
17 64 64 24754.2
19 64 64 27181.0
21 64 64 28848.7
23 64 64 31076.5
25 64 64 33284.4
27 64 64 34878.3
29 64 64 36960.9
31 64 64 39106.6
33 64 64 46692.9
35 64 64 48609.6
37 64 64 51015.2
39 64 64 53551.2
41 64 64 51879.5
43 64 64 54488.4
45 64 64 54538.1
47 64 64 56579.7
49 64 64 60077.2
51 64 64 59742.8
53 64 64 60069.1
55 64 64 63559.3
57 64 64 62706.6
59 64 64 64940.1
61 64 64 67152.8
63 64 64 66278.2
65 64 64 73429.6
67 64 64 81432.5
69 64 64 83564.7
71 64 64 86244.9
73 64 64 82402.1
75 64 64 88713.6
77 64 64 90882.3
79 64 64 87279.5
81 64 64 87239.1
83 64 64 94158.1
85 64 64 94908.8
87 64 64 96532.7
89 64 64 97233.9
91 64 64 99234.1
93 64 64 95209.7
95 64 64 99627.1
97 64 64 98661.9
99 64 64 104877.0
1 128 128 6144.76
3 128 128 12032.8
5 128 128 26538.8
7 128 128 34635.9
9 128 128 48378.1
11 128 128 56088.1
13 128 128 65021.2
15 128 128 72501.9
17 128 128 87914.8
19 128 128 94150.3
21 128 128 99117.9
23 128 128 105721.0
25 128 128 112809.0
27 128 128 117487.0
29 128 128 123670.0
31 128 128 131960.0
33 128 128 154686.0
35 128 128 160937.0
37 128 128 169314.0
39 128 128 175081.0
41 128 128 181611.0
43 128 128 185734.0
45 128 128 191179.0
47 128 128 197967.0
49 128 128 203238.0
51 128 128 208347.0
53 128 128 211220.0
55 128 128 217174.0
57 128 128 222437.0
59 128 128 226856.0
61 128 128 234288.0
63 128 128 240502.0
65 128 128 259736.0
67 128 128 263900.0
69 128 128 269647.0
71 128 128 279028.0
73 128 128 284870.0
