1 16 16 15234.0
3 16 16 15506.8
5 16 16 15903.0
7 16 16 16309.9
9 16 16 16380.3
11 16 16 16452.6
13 16 16 16695.8
15 16 16 16931.2
17 16 16 17197.7
19 16 16 17488.8
21 16 16 17702.0
23 16 16 17956.2
25 16 16 18181.1
27 16 16 18395.8
29 16 16 18721.7
31 16 16 18926.7
33 16 16 19175.6
35 16 16 19410.7
37 16 16 19625.9
39 16 16 19839.9
41 16 16 20050.8
43 16 16 20203.0
45 16 16 20343.5
47 16 16 20621.9
49 16 16 20809.3
1 32 32 5891.97
3 32 32 6263.71
5 32 32 6765.94
7 32 32 7281.14
9 32 32 8214.8
11 32 32 8635.47
13 32 32 8986.94
15 32 32 9459.7
17 32 32 9786.95
19 32 32 10052.1
21 32 32 10399.3
23 32 32 10480.1
25 32 32 10963.1
27 32 32 11279.4
29 32 32 11503.1
31 32 32 11801.9
33 32 32 12134.2
35 32 32 12451.4
37 32 32 12696.2
39 32 32 12964.5
41 32 32 13214.8
43 32 32 13662.0
45 32 32 13943.5
47 32 32 14244.3
49 32 32 14611.2
1 64 64 4865.36
3 64 64 7639.29
5 64 64 9619.09
7 64 64 10910.7
9 64 64 12324.9
11 64 64 13587.0
13 64 64 14595.2
15 64 64 15805.1
17 64 64 22998.5
19 64 64 25186.5
21 64 64 27143.1
23 64 64 29828.0
25 64 64 31445.8
27 64 64 33034.1
29 64 64 34688.9
31 64 64 35961.5
33 64 64 43171.3
35 64 64 44828.8
37 64 64 48307.3
39 64 64 50707.9
41 64 64 51223.3
43 64 64 52638.0
45 64 64 54088.7
47 64 64 56781.8
49 64 64 57902.9
1 128 128 6028.99
3 128 128 12381.1
5 128 128 25270.4
7 128 128 31733.0
9 128 128 45364.6
11 128 128 53360.9
13 128 128 59610.2
15 128 128 66905.6
17 128 128 82881.0
19 128 128 89583.1
